00001100000100000000000000110000
00001100000100000000000000100011
00000000000011000100100000100001
00001100000100000000000000110101
00001100000100000000000000100011
00000000000011000101000000100001
00001100000100000000000000111010
00001100000100000000000000100011
00000000000011000101100000100001
00000000000010101100000000100001
00000000000000001011100000100001
00010010111010010000000000000110
00001100000100000000000000111111
00001100000100000000000000100011
10101101010011000000000000000000
00100001010010100000000000000100
00100010111101110000000000000001
00001000000100000000000000001011
00000000000110000101000000100001
10001101010100110000000000000000
00100010011100110000000000001010
10101101011100110000000000000000
10001101010100110000000000000100
00100010011100110000000000001010
10101101011100110000000000000100
00000000000000001011100000100001
00010010111010010000000000000110
10001101011011000000000000000000
00001100000100000000000000100111
00001100000100000000000000101011
00100001011010110000000000000100
00100010111101110000000000000001
00001000000100000000000000011010
00100100000000100000000000001010
00000000000000000000000000001100
00100100000000100000000000000101
00000000000000000000000000001100
00000000000000100110000000100001
00000011111000000000000000001000
00100100000000100000000000000001
00000000000011000010000000100001
00000000000000000000000000001100
00000011111000000000000000001000
00100100000000100000000000000100
00111100000000010001000000000001
00110100001001000000000000000000
00000000000000000000000000001100
00000011111000000000000000001000
00100100000000100000000000000100
00111100000000010001000000000001
00110100001001000000000000000010
00000000000000000000000000001100
00000011111000000000000000001000
00100100000000100000000000000100
00111100000000010001000000000001
00110100001001000000000000101111
00000000000000000000000000001100
00000011111000000000000000001000
00100100000000100000000000000100
00111100000000010001000000000001
00110100001001000000000001100101
00000000000000000000000000001100
00000011111000000000000000001000
00100100000000100000000000000100
00111100000000010001000000000001
00110100001001000000000010011101
00000000000000000000000000001100
00000011111000000000000000001000
