00001100000100000000000000111111
00001100000100000000000000110010
00000000000011000100000000100001
00001100000100000000000001000100
00001100000100000000000000110010
00000000000011000100100000100001
00001100000100000000000001001001
00001100000100000000000000110010
00000000000011000101000000100001
00000000000010011100000000100001
00000000000000001000000000100001
00010010000010000000000000000110
00001100000100000000000001001110
00001100000100000000000000110010
10101101001011000000000000000000
00100001001010010000000000000100
00100010000100000000000000000001
00001000000100000000000000001011
00000000000110000100100000100001
00100100000100001111111111111111
00100010000100000000000000000001
00010010000010000000000000001100
00100100000100010000000000000000
00000001000100000101100000100010
00010010001010111111111111111011
10001101001100110000000000000000
10001101001101000000000000000100
00000010100100110000100000101010
00010000001000000000000000000011
00000000000101000111100000100001
00000000000100111010000000100001
00000000000011111001100000100001
00100010001100010000000000000001
00001000000100000000000000011000
00010010000010000000000000000101
10101101010010010000000000000000
00100001001010010000000000000100
00100001010010100000000000000100
00100010000100000000000000000001
00001000000100000000000000100010
00100100000100000000000000000000
00010010000010000000000000000110
10001101010011000000000000000000
00001100000100000000000000110110
00001100000100000000000000111010
00100001010010100000000000000100
00100010000100000000000000000001
00001000000100000000000000101000
00100100000000100000000000001010
00000000000000000000000000001100
00100100000000100000000000000101
00000000000000000000000000001100
00000000000000100110000000100001
00000011111000000000000000001000
00100100000000100000000000000001
00000000000011000010000000100001
00000000000000000000000000001100
00000011111000000000000000001000
00100100000000100000000000000100
00111100000000010001000000000001
00110100001001000000000000000000
00000000000000000000000000001100
00000011111000000000000000001000
00100100000000100000000000000100
00111100000000010001000000000001
00110100001001000000000000000010
00000000000000000000000000001100
00000011111000000000000000001000
00100100000000100000000000000100
00111100000000010001000000000001
00110100001001000000000000101111
00000000000000000000000000001100
00000011111000000000000000001000
00100100000000100000000000000100
00111100000000010001000000000001
00110100001001000000000001100101
00000000000000000000000000001100
00000011111000000000000000001000
00100100000000100000000000000100
00111100000000010001000000000001
00110100001001000000000010011101
00000000000000000000000000001100
00000011111000000000000000001000 